1999235.161500000  1574152 
1999247.094459326  5528884
1999253.081459545  7530836
1999260.235959718 10112300
1999264.200459080 11405956
1999270.072100024     3840
1999273.092959712  1045556
1999279.075958906  3047504
1999294.115959953  8161264
2000039.045959521 11597268
2000049.014500362     1188
2001004.083029600  7664640 
2001060.070011400  9747840
2001081.032129071  0
2001130.213410837  0
2001180.154652605  0
2001230.095934374  0
2001280.041216144  0
2001329.222457915  0
2002014.163739687  0
2002064.105021461  0
2002114.050303235  0
2002163.231545011  0
2002213.172826787  0
2002263.114108565  0
2002313.055350342  0
2002363.000632122  0
2003047.181913902  0
2003097.123155683  0
2003147.064437465  0
2003197.005719248  0
2003246.191001032  0
2003296.132242816  0
2003346.073524602  0
2004031.014803389  0
2004080.200048177  0
2004130.141329967  0
2004180.082611757  0
2004230.023853547  0
2004279.205135339  0
2004329.150417132  0
2005013.091658926  0
2005063.032940720  0
2005112.214222515  0
2005162.155504311  0
2005262.042027905  0
2005361.164550502  0
2006046.108532302  0
2006096.051114101  0
2006145.232355902  0
2006195.173637702  0
2006245.114919505  0
2006295.060230688  0
